#Buatlah jarngan syarat untuk mengenali 7 huruf tersebut masing-masing dengan menggunakan : 
#a.	Jaringan HEBB
#b.	Jaringan Perceptron
#c.	Jaringan Propagasi balik error
#d.	SOM 
#e.	LVQ
#menentukan variabel precditor
a1<-c(0,0,1,1,0,0,0,0,
      0,0,0,1,0,0,0,0,
      0,0,0,1,0,0,0,0,
      0,0,1,0,1,0,0,0,
      0,0,1,0,1,0,0,0,
      0,0,1,0,1,0,0,0,
      0,1,1,1,1,1,0,0,
      0,1,0,0,0,1,0,0,
      1,1,1,0,1,1,1,0)
b1<-c(1,1,1,1,1,1,1,0,
      0,1,0,0,0,0,0,1,
      0,1,0,0,0,0,0,1,
      0,1,0,0,0,0,0,1,
      0,1,1,1,1,1,1,0,
      0,1,0,0,0,0,0,1,
      0,1,0,0,0,0,0,1,
      0,1,0,0,0,0,0,1,
      1,1,1,1,1,1,1,0)

c1<-c(0,0,1,1,1,1,1,0,
      0,1,0,0,0,0,0,1,
      1,0,0,0,0,0,0,0,
      1,0,0,0,0,0,0,0,
      1,0,0,0,0,0,0,0,
      1,0,0,0,0,0,0,0,
      1,0,0,0,0,0,0,0,
      0,1,0,0,0,0,0,1,
      0,0,1,1,1,1,1,0)

d1<-c(1,1,1,1,1,1,1,0,
      0,1,0,0,0,0,0,1,
      0,1,0,0,0,0,0,1,
      0,1,0,0,0,0,0,1,
      0,1,0,0,0,0,0,1,
      0,1,0,0,0,0,0,1,
      0,1,0,0,0,0,0,1,
      0,1,0,0,0,0,0,1,
      1,1,1,1,1,1,1,0)

e1<-c(1,1,1,1,1,1,1,1,
     0,1,0,0,0,0,0,1,
     0,1,0,0,0,0,0,0,
     0,1,0,1,0,0,0,0,
     0,1,1,1,0,0,0,0,
     0,1,0,1,0,0,0,0,
     0,1,0,0,0,0,0,0,
     0,1,0,0,0,0,0,1,
     1,1,1,1,1,1,1,1)

j1<-c(0,0,0,0,1,1,1,1,
    0,0,0,0,0,0,1,0,
    0,0,0,0,0,0,1,0,
    0,0,0,0,0,0,1,0,
    0,0,0,0,0,0,1,0,
    0,0,0,0,0,0,1,0,
    0,0,1,0,0,0,1,0,
    0,0,1,0,0,0,1,0,
    0,0,0,1,1,1,0,0)

k1<-c(1,1,1,0,0,0,1,1,
     0,1,0,0,0,1,0,0,
     0,1,0,0,1,0,0,0,
     0,1,0,1,0,0,0,0,
     0,1,1,0,0,0,0,0,
     0,1,0,1,0,0,0,0,
     0,1,0,0,1,0,0,0,
     0,1,0,0,0,1,0,0,
     1,1,1,0,0,0,1,1)

a2<-c(0,0,0,1,0,0,0,0,
      0,0,0,1,0,0,0,0,
      0,0,0,1,0,0,0,0,
      0,0,1,0,1,0,0,0,
      0,0,1,0,1,0,0,0,
      0,0,1,0,1,0,0,0,
      0,1,1,1,1,1,0,0,
      0,1,0,0,0,1,0,0,
      1,1,1,0,1,1,1,0)

b2<-c(1,1,1,1,1,1,1,0,
      1,0,0,0,0,0,0,1,
      1,0,0,0,0,0,0,1,
      1,0,0,0,0,0,0,1,
      1,1,1,1,1,1,1,0,
      1,0,0,0,0,0,0,1,
      1,0,0,0,0,0,0,1,
      1,0,0,0,0,0,0,1,
      1,1,1,1,1,1,1,0)

c2<-c(0,0,1,1,1,1,0,0,
      0,1,0,0,0,0,1,0,
      1,0,0,0,0,0,0,1,
      1,0,0,0,0,0,0,0,
      1,0,0,0,0,0,0,0,
      1,0,0,0,0,0,0,0,
      1,0,0,0,0,0,0,1,
      0,1,0,0,0,0,1,0,
      0,0,1,1,1,1,0,0)

d2<-c(1,1,1,1,1,1,1,0,
      1,0,0,0,0,0,1,0,
      1,0,0,0,0,0,0,1,
      1,0,0,0,0,0,0,1,
      1,0,0,0,0,0,0,1,
      1,0,0,0,0,0,0,1,
      1,0,0,0,0,0,0,1,
      1,0,0,0,0,0,1,0,
      1,1,1,1,1,1,0,0)

e2<-c(1,1,1,1,1,1,1,1,
      1,0,0,0,0,0,0,1,
      1,0,0,0,0,0,0,0,
      1,0,0,0,0,0,0,0,
      1,1,1,1,1,0,0,0,
      1,0,0,0,0,0,0,0,
      1,0,0,0,0,0,0,0,
      1,0,0,0,0,0,0,0,
      1,1,1,1,1,1,1,1)

j2<-c(0,0,0,0,0,0,1,0,
      0,0,0,0,0,0,1,0,
      0,0,0,0,0,0,1,0,
      0,0,0,0,0,0,1,0,
      0,0,0,0,0,0,1,0,
      0,0,0,0,0,0,1,0,
      0,0,1,0,0,0,1,0,
      0,0,1,0,0,0,1,0,
      0,0,0,1,1,1,0,0)

k2<-c(1,0,0,0,0,1,0,0,
      1,0,0,0,1,0,0,0,
      1,0,0,1,0,0,0,0,
      1,0,1,0,0,0,0,0,
      1,1,0,0,0,0,0,0,
      1,0,1,0,0,0,0,0,
      1,0,0,1,0,0,0,0,
      1,0,0,0,1,0,0,0,
      1,0,0,0,0,1,0,0)

a3<-c(0,0,0,1,0,0,0,0,
      0,0,0,1,0,0,0,0,
      0,0,0,1,0,0,0,0,
      0,0,1,0,1,0,0,0,
      0,0,1,0,1,0,0,0,
      0,1,0,0,0,1,0,0,
      0,1,1,1,1,1,0,0,
      1,0,0,0,0,0,1,0,
      1,1,0,0,0,1,1,0)

b3<-c(1,1,1,1,1,1,1,0,
      0,1,0,0,0,0,0,1,
      0,1,0,0,0,0,0,1,
      0,1,1,1,1,1,1,1,
      0,1,0,0,0,0,0,0,
      0,1,0,0,0,0,0,1,
      0,1,0,0,0,0,0,1,
      0,1,0,0,0,0,0,1,
      1,1,1,1,1,1,1,0)

c3<-c(0,0,1,1,1,1,0,1,
      0,1,0,0,0,0,1,1,
      1,0,0,0,0,0,0,1,
      1,0,0,0,0,0,0,0,
      1,0,0,0,0,0,0,0,
      1,0,0,0,0,0,0,0,
      1,0,0,0,0,0,0,1,
      0,1,0,0,0,0,1,1,
      0,0,1,1,1,1,0,1)

d3<-c(1,1,1,1,1,1,1,0,
      0,1,0,0,0,0,1,0,
      0,1,0,0,0,0,0,1,
      0,1,0,0,0,0,0,1,
      0,1,0,0,0,0,0,1,
      0,1,0,0,0,0,0,1,
      0,1,0,0,0,0,0,1,
      0,1,0,0,0,0,1,0,
      1,1,1,1,1,1,0,0)

e3<-c(1,1,1,1,1,1,1,1,
      0,1,0,0,0,0,0,1,
      0,1,0,0,0,0,0,0,
      0,1,0,0,1,0,0,0,
      0,1,1,1,1,0,0,0,
      0,1,0,0,1,0,0,0,
      0,1,0,0,0,0,0,0,
      0,1,0,0,0,0,0,0,
      1,1,1,1,1,1,1,1)

j3<-c(0,0,0,0,0,1,1,1,
      0,0,0,0,0,0,1,0,
      0,0,0,0,0,0,1,0,
      0,0,0,0,0,0,1,0,
      0,0,0,0,0,0,1,0,
      0,0,0,0,0,0,1,0,
      0,0,1,0,0,0,1,0,
      0,0,1,0,0,0,1,0,
      0,0,0,1,1,1,0,0)

k3<-c(1,1,1,0,0,0,1,0,
      0,1,0,0,0,1,0,0,
      0,1,0,0,1,0,0,0,
      0,1,0,1,0,0,0,0,
      0,1,1,0,0,0,0,0,
      0,1,0,1,0,0,0,0,
      0,1,0,0,1,0,0,0,
      0,1,0,0,0,1,0,0,
      1,1,1,0,0,0,1,0)

aBobot<-c(0,0,0,1,0,0,0,0,
             0,0,0,1,0,0,0,0,
             0,0,0,1,0,0,0,0,
             0,0,1,0,1,0,0,0,
             0,0,1,0,1,0,0,0,
             0,1,0,0,0,1,0,0,
             0,1,1,1,1,1,0,0,
             1,0,0,0,0,0,1,0,
             1,1,0,0,0,1,1,0)

bBobot<-c(1,1,1,1,1,1,1,0,
             0,1,0,0,0,0,0,1,
             0,1,0,0,0,0,0,1,
             0,1,1,1,1,1,1,1,
             0,1,0,0,0,0,0,0,
             0,1,0,0,0,0,0,1,
             0,1,0,0,0,0,0,1,
             0,1,0,0,0,0,0,1,
             1,1,1,1,1,1,1,0)

cBobot<-c(0,0,1,1,1,1,0,1,
             0,1,0,0,0,0,1,1,
             1,0,0,0,0,0,0,1,
             1,0,0,0,0,0,0,0,
             1,0,0,0,0,0,0,0,
             1,0,0,0,0,0,0,0,
             1,0,0,0,0,0,0,1,
             0,1,0,0,0,0,1,1,
             0,0,1,1,1,1,0,1)

dBobot<-c(1,1,1,1,1,1,1,0,
             0,1,0,0,0,0,1,0,
             0,1,0,0,0,0,0,1,
             0,1,0,0,0,0,0,1,
             0,1,0,0,0,0,0,1,
             0,1,0,0,0,0,0,1,
             0,1,0,0,0,0,0,1,
             0,1,0,0,0,0,1,0,
             1,1,1,1,1,1,0,0)

eBobot<-c(1,1,1,1,1,1,1,1,
             0,1,0,0,0,0,0,1,
             0,1,0,0,0,0,0,0,
             0,1,0,0,1,0,0,0,
             0,1,1,1,1,0,0,0,
             0,1,0,0,1,0,0,0,
             0,1,0,0,0,0,0,0,
             0,1,0,0,0,0,0,0,
             1,1,1,1,1,1,1,1)

jBobot<-c(0,0,0,0,0,1,1,1,
             0,0,0,0,0,0,1,0,
             0,0,0,0,0,0,1,0,
             0,0,0,0,0,0,1,0,
             0,0,0,0,0,0,1,0,
             0,0,0,0,0,0,1,0,
             0,0,1,0,0,0,1,0,
             0,0,1,0,0,0,1,0,
             0,0,0,1,1,1,0,0)

kBobot<-c(1,1,1,0,0,0,1,0,
             0,1,0,0,0,1,0,0,
             0,1,0,0,1,0,0,0,
             0,1,0,1,0,0,0,0,
             0,1,1,0,0,0,0,0,
             0,1,0,1,0,0,0,0,
             0,1,0,0,1,0,0,0,
             0,1,0,0,0,1,0,0,
             1,1,1,0,0,0,1,0)

font1 <-matrix(c(a1,b1,c1,d1,e1,j1,k1),ncol=72,byrow=T)
font2 <-matrix(c(a2,b2,c2,d2,e2,j2,k2),ncol=72,byrow=T)
font3 <-matrix(c(a3,b3,c3,d3,e3,j3,k3),ncol=72,byrow=T)
BobotSom<-matrix(c(aBobot,bBobot,cBobot,dBobot,eBobot,jBobot,kBobot),ncol=72,byrow=T)
bobotLvq<-matrix(c(aBobot,bBobot,cBobot,dBobot,eBobot,jBobot,kBobot),ncol=72,byrow=T)
font = array(c(font1,font2,font3),dim=c(7,72,3))


classFeedFoward<-function(font){
    
    #menentukan variabel respn Y
    Y <- c(0,0,0,0,0,0,0)

    cbind(font,Y)

    #menjadikan sebagai bobot inisialisasi untuk layer 1.
    rand_vector <- runif(ncol(font)*nrow(font))

        rand_matrix <- matrix(
        rand_vector,
        nrow = ncol(font),
        ncol = nrow(font),
        byrow = TRUE

    )

    # Buat list yang menyimpan parameter NN yang akan detraining
    my_nn <- list(
    
        # Variabel Input
        input = font,
        # Bobot untuk layer 1
        weights1 = rand_matrix,
        # Bias untuk layer 1
        bias1 = 1.0,
        # Bobot untuk layer 2
        weights2 = matrix(runif(7),